0 17,91
00 16,58
01 16,58
02 17,91
03 16,58
04 16,58
05 22,18
06 11,26
07 11,26
08 11,26
09 17,52
10 12,86
11 9,11
12 11,26
13 9,11
14 9,11
15 8,85
16 8,61
17 6,99
18 6,20
19 6,20
20 6,20
21 6,20
22 6,20
23 6,20
24 6,20
25 6,20
26 9,00
27 6,99
29 6,20
30 34,02
31 17,91
32 27,22
33 28,55
34 27,22
35 17,91
36 11,93
37 21,89
38 6,20
39 7,62
40 10,19
41 21,89
42 16,58
43 9,11
44 6,20
45 6,20
46 7,25
47 13,73
48 6,20
49 6,20
50 10,47
51 13,73
52 9,11
53 6,99
54 7,32
55 34,87
56 6,2
57 6,2
58 6,2
59 6,2
60 6,2
61 9,97
62 10,19
63 11,26
64 11
65 13,12
66 11,79
67 9,11
68 8,61
69 7,62
70 6,2
71 10,19
72 8,06
73 16,78
74 11,26
75 9,11
76 6,99
77 16,58
78 6,99
79 16,58
80 6,2
81 14,46
82 12,86
83 17,11
84 6,2
85 6,2
86 9,11
87 11,93
88 16,58
89 8,06
90 14,03
91 12,57
92 21,89
93 12,55
94 9,11
95 20,57
96 12,57
97 7,25
98 8,61
99 7,25
100 6,2
101 9,11
102 10,47
103 6,2
104 13,73
105 6,2
106 11,93
107 14,03
108 10,47
109 11,26
110 7,32
111 7,32
